2018113,2018-09-27,01 06 09 16 25 26,09,314,160,394
2018112,2018-09-25,05 08 18 25 26 31,04,302,328,982
2018111,2018-09-23,01 07 14 24 25 28,08,320,180,512
2018110,2018-09-20,11 13 16 21 22 23,02,307,066,624
2018109,2018-09-18,10 11 18 23 31 33,15,306,989,720
2018108,2018-09-16,05 13 18 21 26 30,02,322,147,946
2018107,2018-09-13,01 02 05 12 20 22,01,317,508,712
2018106,2018-09-11,04 18 19 24 25 26,10,312,096,980
2018105,2018-09-09,04 05 13 18 19 25,01,343,324,268
2018104,2018-09-06,02 03 06 19 25 29,01,312,637,426
2018103,2018-09-04,02 09 15 22 23 24,16,314,574,584
2018102,2018-09-02,02 06 11 19 21 28,05,340,812,198
2018101,2018-08-30,01 03 14 26 29 33,09,308,676,480
2018100,2018-08-28,02 11 14 15 29 33,02,309,533,260
2018099,2018-08-26,03 07 08 14 25 32,06,339,383,254
2018098,2018-08-23,06 10 11 20 29 32,13,314,746,902
2018097,2018-08-21,01 02 17 20 25 28,13,313,501,772
2018096,2018-08-19,01 05 09 20 28 32,12,338,691,852
2018095,2018-08-16,10 11 12 21 26 33,09,320,539,494
2018094,2018-08-14,04 07 16 20 24 30,05,314,204,036
2018093,2018-08-12,04 18 20 21 29 33,07,341,609,166
2018092,2018-08-09,06 10 16 19 24 33,16,318,819,890
2018091,2018-08-07,06 11 13 17 25 32,07,315,853,082
2018090,2018-08-05,01 02 04 10 14 23,07,340,370,390
2018089,2018-08-02,06 09 12 14 18 27,14,312,432,712
2018088,2018-07-31,03 05 12 29 30 32,14,315,199,378
2018087,2018-07-29,01 05 10 16 18 31,03,348,603,358
2018086,2018-07-26,02 07 17 21 23 26,16,322,631,262
2018085,2018-07-24,04 10 25 26 30 33,06,322,576,362
2018084,2018-07-22,05 06 08 12 22 24,03,347,865,554
2018083,2018-07-19,04 09 18 21 32 33,03,323,565,026
2018082,2018-07-17,06 12 14 20 22 24,09,319,081,284
2018081,2018-07-15,01 02 12 16 20 26,03,349,698,540
2018080,2018-07-12,04 07 13 20 29 33,03,325,310,442
2018079,2018-07-10,14 15 17 22 24 29,13,327,442,428
2018078,2018-07-08,03 10 14 17 18 30,12,358,569,878
2018077,2018-07-05,02 05 09 15 20 24,10,327,832,004
2018076,2018-07-03,03 07 08 15 29 30,13,327,873,252
2018075,2018-07-01,07 09 12 13 22 24,11,356,378,720
2018074,2018-06-28,09 11 14 20 27 30,09,327,800,026
2018073,2018-06-26,02 09 14 15 16 23,10,329,645,754
2018072,2018-06-24,11 16 19 22 25 30,08,372,281,494
2018071,2018-06-21,02 05 06 13 16 19,03,348,880,396
2018070,2018-06-19,04 09 15 16 19 27,10,339,461,364
2018069,2018-06-17,06 13 17 19 23 31,12,355,213,336
2018068,2018-06-14,08 10 17 20 27 30,01,332,649,368
2018067,2018-06-12,01 04 09 12 15 18,05,324,647,042
2018066,2018-06-10,09 16 17 19 22 26,10,357,968,382
2018065,2018-06-07,01 04 06 14 28 33,01,329,937,636
2018064,2018-06-05,02 05 10 11 17 21,05,329,557,586
2018063,2018-06-03,05 06 10 16 20 25,12,358,387,608
2018062,2018-05-31,02 18 19 24 25 33,11,326,938,646
2018061,2018-05-29,09 10 11 12 18 23,07,332,550,974
2018060,2018-05-27,04 08 13 25 30 31,10,364,451,892
2018059,2018-05-24,04 06 08 13 22 32,11,335,528,070
2018058,2018-05-22,07 12 13 16 26 31,07,328,678,478
2018057,2018-05-20,05 15 17 19 20 30,13,944,921,232
2018056,2018-05-17,01 03 06 20 21 26,01,332,042,280
2018055,2018-05-15,07 09 10 12 22 26,07,328,077,816
2018054,2018-05-13,04 06 18 22 25 33,16,364,343,470
2019005,2019-01-10,21 22 26 28 31 32,07,343,365,078,11,6,133,650,68,229,230,1,326,043,660
2019004,2019-01-08,08 12 16 19 26 32,03,338,080,388,8,7,428,584,222,109,395,1,346,750,738
2019003,2019-01-06,13 17 20 21 22 27,01,373,728,002,5,9,635,283,129,224,577,1,333,321,882
2019002,2019-01-03,04 05 06 08 09 18,11,345,144,344,9,7,273,230,129,198,246,1,294,586,730
2019001,2019-01-01,06 10 13 15 32 33,15,341,453,440,14,6,657,038,147,197,266,1,283,324,272
2018153,2018-12-30,01 07 17 23 25 31,11,363,663,410,4,10,000,000,133,205,313,1,289,528,301
2018152,2018-12-27,04 14 16 23 28 29,03,342,935,808,20,5,479,653,168,71,376,1,247,608,325
2018151,2018-12-25,05 15 19 25 26 29,15,345,353,380,4,9,708,849,203,115,981,1,321,227,399
2018150,2018-12-23,06 08 15 19 20 31,05,377,320,206,15,6,255,214,270,87,167,1,289,430,060
2018149,2018-12-20,01 07 08 10 12 24,01,353,364,860,12,6,743,951,212,123,392,1,312,652,452
2018148,2018-12-18,03 06 18 19 21 31,01,346,743,178,11,6,665,301,210,109,037,1,315,102,044
2018147,2018-12-16,03 15 17 23 27 30,11,378,419,434,11,6,875,712,102,252,853,1,319,726,677
2018146,2018-12-13,02 10 11 17 18 29,16,345,409,226,13,6,395,974,157,144,487,1,317,986,374
2018145,2018-12-11,03 09 13 22 23 25,06,349,376,292,21,5,598,712,172,91,373,1,333,080,271
2018144,2018-12-09,08 13 17 18 20 27,13,387,956,028,1,10,000,000,117,241,814,1,403,504,611
2018143,2018-12-06,04 06 15 28 32 33,14,373,157,016,16,6,480,336,117,253,048,1,328,627,871
2018142,2018-12-04,05 08 10 11 27 28,11,390,581,690,16,5,856,527,242,70,787,1,343,493,083
2018141,2018-12-02,11 14 16 18 24 33,04,416,166,816,2,10,000,000,115,248,604,1,385,805,866
2018140,2018-11-29,01 15 20 22 25 28,14,386,006,162,0,0,103,318,026,1,320,037,180
2018139,2018-11-27,11 18 20 23 31 32,15,380,559,364,10,7,121,941,82,323,466,1,221,766,906
2018138,2018-11-25,01 10 25 27 30 32,09,412,013,682,3,10,000,000,67,453,502,1,213,413,511
2018137,2018-11-22,03 05 11 15 20 23,09,379,485,292,10,6,284,256,141,113,852,1,152,259,559
2018136,2018-11-20,10 12 15 25 26 27,14,377,111,910,6,8,548,933,149,178,637,1,166,942,493
2018135,2018-11-18,01 03 06 10 11 29,16,406,719,454,4,10,000,000,133,234,150,1,138,385,085
2018134,2018-11-15,03 16 18 31 32 33,12,377,767,366,11,6,833,164,297,84,868,1,084,959,009
2018133,2018-11-13,02 04 11 12 18 32,13,374,106,026,3,10,000,000,65,361,738,1,084,505,788
2018132,2018-11-11,01 02 09 10 15 22,06,408,709,916,12,6,627,168,104,234,687,1,043,966,776
2018131,2018-11-08,21 22 24 31 32 33,01,383,809,176,2,10,000,000,125,244,689,1,050,270,214
2018130,2018-11-06,05 12 17 18 24 28,12,374,274,632,17,6,072,806,841,27,107,978,511,798
2018129,2018-11-04,02 04 06 16 18 19,16,418,290,398,7,8,728,266,117,278,823,1,013,358,099
2018128,2018-11-01,06 07 08 19 22 23,02,388,471,822,11,7,226,364,300,102,041,976,588,973
2018127,2018-10-30,02 05 06 07 11 15,12,383,266,268,13,6,414,968,202,113,827,964,241,444
2018126,2018-10-28,01 06 08 09 14 22,05,415,778,246,8,7,588,766,138,187,591,978,656,335
2018125,2018-10-25,03 10 11 14 15 32,02,391,293,382,3,10,000,000,54,598,926,961,703,467
2018124,2018-10-23,09 13 14 19 22 25,02,378,069,006,4,9,291,791,127,168,968,894,677,451
2018123,2018-10-21,13 21 24 27 31 32,01,410,429,482,6,9,217,817,115,275,075,867,467,741
2018122,2018-10-18,05 07 20 22 30 32,10,327,644,802,31,5,238,879,230,40,245,827,873,755
2018121,2018-10-16,06 08 14 19 23 25,11,321,305,376,11,6,468,429,142,142,189,962,509,317
2018120,2018-10-14,03 04 18 26 27 33,01,357,215,818,5,9,561,820,185,154,115,973,089,335
2018119,2018-10-11,03 13 14 16 25 27,12,328,321,394,10,6,043,410,117,111,475,935,364,310
2018118,2018-10-09,08 12 21 22 27 31,09,322,015,414,7,6,907,203,140,119,200,956,670,540
2018117,2018-10-07,08 11 15 17 23 25,05,340,052,040,6,7,824,932,189,112,100,954,956,874
2018116,2018-10-04,05 14 17 22 23 28,15,0,44,5,308,473,320,53,018,938,345,496
2018115,2018-10-02,01 13 19 24 26 29,11,0,1,10,000,000,52,243,906,1,121,020,227
2018114,2018-09-30,01 07 15 16 20 27,14,0,6,7,981,155,203,110,141,1,092,970,758
2018113,2018-09-27,01 06 09 16 25 26,09,314,160,394,11,5,895,165,208,59,175,1,073,781,687
2018112,2018-09-25,05 08 18 25 26 31,04,302,328,982,11,6,090,396,154,97,356,1,101,702,921
2018111,2018-09-23,01 07 14 24 25 28,08,320,180,512,11,5,565,493,143,54,374,1,123,718,442
2018110,2018-09-20,11 13 16 21 22 23,02,307,066,624,2,10,000,000,66,389,022,1,161,612,266
2018109,2018-09-18,10 11 18 23 31 33,15,306,989,720,4,8,282,094,69,237,832,1,104,585,752
2018108,2018-09-16,05 13 18 21 26 30,02,322,147,946,22,5,859,675,179,132,073,1,088,482,714
2018107,2018-09-13,01 02 05 12 20 22,01,317,508,712,6,8,438,555,139,185,533,1,146,472,338
2018106,2018-09-11,04 18 19 24 25 26,10,312,096,980,4,8,430,179,125,137,207,1,119,736,168
2018105,2018-09-09,04 05 13 18 19 25,01,343,324,268,17,6,257,964,150,178,211,1,102,004,192
2018104,2018-09-06,02 03 06 19 25 29,01,312,637,426,5,8,635,318,158,143,802,1,128,194,345
2018103,2018-09-04,02 09 15 22 23 24,16,314,574,584,7,7,746,753,111,216,523,1,103,208,722
2018102,2018-09-02,02 06 11 19 21 28,05,340,812,198,4,0,163,0,1,085,333,716
2018101,2018-08-30,01 03 14 26 29 33,09,308,676,480,5,7,864,370,70,255,747,1,062,181,270
2018100,2018-08-28,02 11 14 15 29 33,02,309,533,260,3,10,000,000,91,234,630,1,047,796,176
2018099,2018-08-26,03 07 08 14 25 32,06,339,383,254,12,6,102,840,242,68,357,1,013,742,168
